0.0025641 0.299401
0 0.302395
0 0.308383
0 0.311377
0 0.317365
0 0.320359
0 0.326347
0 0.329341
0 0.335329
0 0.338323
0 0.344311
0 0.347305
0 0.353293
0 0.356287
0 0.362275
0 0.365269
0 0.371257
0 0.374251
0 0.38024
0 0.383234
0 0.389222
0 0.392216
0 0.398204
0 0.401198
0 0.407186
0 0.41018
0 0.416168
0 0.419162
0 0.42515
0 0.428144
0 0.434132
0 0.437126
0 0.443114
0 0.446108
0 0.452096
0 0.45509
0 0.461078
0 0.464072
0 0.47006
0 0.473054
0 0.479042
0 0.482036
0 0.488024
0 0.491018
0 0.497006
0 0.5
0 0.505988
0 0.508982
0 0.51497
0 0.517964
0 0.523952
0 0.526946
0 0.532934
0 0.535928
0 0.541916
0 0.54491
0 0.550898
0 0.553892
0 0.55988
0 0.562874
0 0.568862
0 0.571856
0 0.577844
0 0.580838
0 0.586826
0 0.58982
0 0.595808
0 0.598802
0 0.60479
0 0.607784
0 0.613772
0 0.616766
0 0.622755
0 0.625749
0 0.631737
0 0.634731
0 0.640719
0 0.643713
0 0.649701
0 0.652695
0 0.658683
0 0.661677
0 0.667665
0 0.670659
0 0.676647
0 0.679641
0 0.685629
0 0.688623
0 0.694611
0 0.697605
0 0.703593
0 0.706587
0 0.712575
0 0.715569
0 0.721557
0 0.724551
0 0.730539
0 0.733533
0 0.739521
0 0.742515
0 0.748503
0 0.751497
0 0.757485
0 0.760479
0 0.766467
0 0.769461
0 0.775449
0 0.778443
0 0.784431
0 0.787425
0 0.793413
0 0.796407
0 0.802395
0 0.805389
0 0.811377
0 0.814371
0 0.820359
0 0.823353
0 0.829341
0 0.832335
0 0.838323
0 0.841317
0 0.847305
0 0.850299
0 0.856287
0 0.859281
0 0.865269
0 0.868263
0 0.874251
0 0.877245
0.0025641 0.88024
0.0025641 0.883234
0.0025641 0.889222
0.0025641 0.892216
0.0025641 0.898204
0.0025641 0.901198
0.00512821 0.904192
0.00512821 0.907186
0.00769231 0.91018
0.00769231 0.913174
0.00769231 0.919162
0.0102564 0.919162
0.0102564 0.92515
0.0128205 0.92515
0.0128205 0.931138
0.0153846 0.931138
0.0153846 0.937126
0.0179487 0.937126
0.0205128 0.94012
0.0205128 0.943114
0.0230769 0.946108
0.0230769 0.949102
0.025641 0.952096
0.0282051 0.952096
0.0307692 0.95509
0.0307692 0.958084
0.0333333 0.961078
0.0358974 0.961078
0.0384615 0.964072
0.0384615 0.967066
0.0410256 0.97006
0.0435897 0.97006
0.0461538 0.973054
0.0461538 0.976048
0.0512821 0.976048
0.0512821 0.979042
0.0564103 0.979042
0.0564103 0.982036
0.0589744 0.98503
0.0615385 0.98503
0.0666667 0.98503
0.0666667 0.988024
0.0717949 0.988024
0.0717949 0.991018
0.0769231 0.991018
0.0794872 0.991018
0.0820513 0.994012
0.0846154 0.994012
0.0897436 0.994012
0.0923077 0.994012
0.0948718 0.997006
0.0974359 0.997006
0.102564 0.997006
0.105128 0.997006
0.110256 0.997006
0.112821 0.997006
0.117949 0.997006
0.120513 0.997006
0.125641 0.997006
0.128205 0.997006
0.133333 0.997006
0.135897 0.997006
0.141026 0.997006
0.14359 0.997006
0.148718 0.997006
0.151282 0.997006
0.15641 0.997006
0.158974 0.997006
0.164103 0.997006
0.166667 0.997006
0.171795 0.997006
0.174359 0.997006
0.179487 0.997006
0.182051 0.997006
0.187179 0.997006
0.189744 0.997006
0.194872 0.997006
0.197436 0.997006
0.202564 0.997006
0.205128 0.997006
0.210256 0.997006
0.212821 0.997006
0.217949 0.997006
0.220513 0.997006
0.225641 0.997006
0.228205 0.997006
0.233333 0.997006
0.235897 0.997006
0.241026 0.997006
0.24359 0.997006
0.248718 0.997006
0.251282 0.997006
0.25641 0.997006
0.258974 0.997006
0.264103 0.997006
0.266667 0.997006
0.271795 0.997006
0.274359 0.997006
0.279487 0.997006
0.282051 0.997006
0.287179 0.997006
0.289744 0.997006
0.294872 0.997006
0.297436 0.997006
0.302564 0.997006
0.305128 0.997006
0.310256 0.997006
0.312821 0.997006
0.317949 0.997006
0.320513 0.997006
0.325641 0.997006
0.328205 0.997006
0.333333 0.997006
0.335897 0.997006
0.341026 0.997006
0.34359 0.997006
0.348718 0.997006
0.351282 0.997006
0.35641 0.997006
0.358974 0.997006
0.364103 0.997006
0.366667 0.997006
0.371795 0.997006
0.374359 0.997006
0.379487 0.997006
0.382051 0.997006
0.387179 0.997006
0.389744 0.997006
0.394872 0.997006
0.397436 0.997006
0.402564 0.997006
0.405128 0.997006
0.410256 0.997006
0.412821 0.997006
0.417949 0.997006
0.420513 0.997006
0.425641 0.997006
0.428205 0.997006
0.433333 0.997006
0.435897 0.997006
0.441026 0.997006
0.44359 0.997006
0.448718 0.997006
0.451282 0.997006
0.45641 0.997006
0.458974 0.997006
0.464103 0.997006
0.466667 0.997006
0.471795 0.997006
0.474359 0.997006
0.479487 0.997006
0.482051 0.997006
0.487179 0.997006
0.489744 0.997006
0.494872 0.997006
0.497436 0.997006
0.502564 0.997006
0.505128 0.997006
0.510256 0.997006
0.512821 0.997006
0.517949 0.997006
0.520513 0.997006
0.525641 0.997006
0.528205 0.997006
0.533333 0.997006
0.535897 0.997006
0.541026 0.997006
0.54359 0.997006
0.548718 0.997006
0.551282 0.997006
0.55641 0.997006
0.558974 0.997006
0.564103 0.997006
0.566667 0.997006
0.571795 0.997006
0.574359 0.997006
0.579487 0.997006
0.582051 0.997006
0.587179 0.997006
0.589744 0.997006
0.594872 0.997006
0.597436 0.997006
0.602564 0.997006
0.605128 0.997006
0.610256 0.997006
0.612821 0.997006
0.617949 0.997006
0.620513 0.997006
0.625641 0.997006
0.628205 0.997006
0.633333 0.997006
0.635897 0.997006
0.641026 0.997006
0.64359 0.997006
0.648718 0.997006
0.651282 0.997006
0.65641 0.997006
0.658974 0.997006
0.664103 0.997006
0.666667 0.997006
0.671795 0.997006
0.674359 0.997006
0.679487 0.997006
0.682051 0.997006
0.68718 0.997006
0.689744 0.997006
0.694872 0.997006
0.697436 0.997006
0.702564 0.997006
0.705128 0.997006
0.710256 0.997006
0.712821 0.997006
0.717949 0.997006
0.720513 0.997006
0.725641 0.997006
0.728205 0.997006
0.733333 0.997006
0.735897 0.997006
0.741026 0.997006
0.74359 0.997006
0.748718 0.997006
0.751282 0.997006
0.75641 0.997006
0.758974 0.997006
0.764103 0.997006
0.766667 0.997006
0.771795 0.997006
0.774359 0.997006
0.779487 0.997006
0.782051 0.997006
0.787179 0.997006
0.789744 0.997006
0.794872 0.997006
0.797436 0.997006
0.802564 0.997006
0.805128 0.997006
0.810256 0.997006
0.81282 0.997006
0.817949 0.997006
0.820513 0.997006
0.825641 0.997006
0.828205 0.997006
0.833333 0.997006
0.835897 0.997006
0.841026 0.997006
0.84359 0.997006
0.848718 0.997006
0.851282 0.997006
0.85641 0.997006
0.858974 0.997006
0.864103 0.997006
0.866667 0.997006
0.871795 0.997006
0.874359 0.997006
0.879487 0.997006
0.882051 0.997006
0.887179 0.997006
0.889744 0.997006
0.894872 0.997006
0.897436 0.997006
0.902564 0.997006
0.905128 0.997006
0.905128 0.997006
0.907692 0.997006
0.907692 0.997006
0.905128 0.997006
0.905128 0.997006
0.907692 0.997006
0.907692 0.997006
0.905128 0.997006
0.905128 0.997006
0.907692 0.997006
0.907692 0.997006
0.905128 0.997006
0.905128 0.997006
0.907692 0.997006
0.907692 0.997006
0.905128 0.997006
0.905128 0.997006
0.907692 0.997006
0.907692 0.997006
0.905128 0.997006
0.905128 0.997006
0.907692 0.997006
0.907692 0.997006
0.905128 0.997006
0.905128 0.997006
0.907692 0.997006
0.907692 0.997006
0.905128 0.997006
0.905128 0.997006
0.907692 0.997006
0.907692 0.997006
0.905128 0.997006
0.905128 0.997006
0.907692 0.997006
0.907692 0.997006
0.905128 0.997006
0.905128 0.997006
0.907692 0.997006
0.907692 0.997006
0.905128 0.997006
0.905128 0.997006
0.907692 0.997006
0.907692 0.997006
0.905128 0.997006
0.905128 0.997006
0.907692 0.997006
0.907692 0.997006
0.905128 0.997006
0.905128 0.997006
0.907692 0.997006
0.907692 0.997006
0.905128 0.997006
0.905128 0.997006
0.907692 0.997006
0.907692 0.997006
0.905128 0.997006
0.905128 0.997006
0.907692 0.997006
0.907692 0.997006
0.905128 0.997006
0.905128 0.997006
0.907692 0.997006
0.907692 0.997006
0.905128 0.997006
0.905128 0.997006
0.907692 0.997006
0.907692 0.997006
0.905128 0.997006
0.905128 0.997006
0.907692 0.997006
0.907692 0.997006
0.905128 0.997006
0.905128 0.997006
0.907692 0.997006
0.907692 0.997006
0.905128 0.997006
0.905128 0.997006
0.907692 0.997006
0.907692 0.997006
0.905128 0.997006
0.905128 0.997006
0.907692 0.997006
0.907692 0.997006
0.905128 0.997006
0.905128 0.997006
0.907692 0.997006
0.907692 0.997006
0.905128 0.997006
0.905128 0.997006
0.907692 0.997006
0.907692 0.997006
0.905128 0.997006
0.905128 0.997006
0.907692 0.997006
0.907692 0.997006
0.905128 0.997006
0.905128 0.997006
0.907692 0.997006
0.907692 0.997006
0.905128 0.997006
0.905128 0.997006
0.907692 0.997006
0.907692 0.997006
0.905128 0.997006
0.905128 0.997006
0.907692 0.997006
0.907692 0.997006
0.905128 0.997006
0.905128 0.997006
0.907692 0.997006
0.907692 0.997006
0.905128 0.997006
0.905128 0.997006
0.907692 0.997006
0.907692 0.997006
0.905128 0.997006
0.905128 0.997006
0.907692 0.997006
0.907692 0.997006
0.905128 0.997006
0.905128 0.997006
0.907692 0.997006
0.907692 0.997006
0.905128 0.997006
0.905128 0.997006
0.907692 0.997006
0.907692 0.997006
0.905128 0.997006
0.905128 0.997006
0.907692 0.997006
0.907692 0.997006
0.905128 0.997006
0.905128 0.997006
0.907692 0.997006
0.907692 0.997006
0.905128 0.997006
0.905128 0.997006
0.907692 0.997006
0.907692 0.997006
0.905128 0.997006
0.905128 0.997006
0.907692 0.997006
0.907692 0.997006
0.905128 0.997006
0.905128 0.997006
0.907692 0.997006
0.907692 0.997006
0.905128 0.997006
0.905128 0.997006
0.907692 0.997006
0.907692 0.997006
0.905128 0.997006
0.905128 0.997006
0.907692 0.997006
0.907692 0.997006
0.905128 0.997006
0.905128 0.997006
0.907692 0.997006
0.907692 0.997006
0.905128 0.997006
0.905128 0.997006
0.907692 0.997006
0.907692 0.997006
0.905128 0.997006
0.905128 0.997006
0.907692 0.997006
0.907692 0.997006
0.905128 0.997006
0.905128 0.997006
0.907692 0.997006
0.907692 0.997006
0.905128 0.997006
0.905128 0.997006
0.907692 0.997006
0.907692 0.997006
0.905128 0.997006
0.905128 0.997006
0.907692 0.997006
0.907692 0.997006
0.905128 0.997006
0.905128 0.997006
0.907692 0.997006
0.907692 0.997006
0.905128 0.997006
0.905128 0.997006
0.907692 0.997006
0.907692 0.997006
0.905128 0.997006
0.905128 0.997006
0.907692 0.997006
0.907692 0.997006
0.905128 0.997006
0.905128 0.997006
0.907692 0.997006
0.907692 0.997006
0.905128 0.997006
0.905128 0.997006
0.907692 0.997006
0.907692 0.997006
0.905128 0.997006
0.905128 0.997006
0.907692 0.997006
0.907692 0.997006
0.905128 0.997006
0.905128 0.997006
0.907692 0.997006
0.907692 0.997006
0.905128 0.997006
0.905128 0.997006
0.907692 0.997006
0.907692 0.997006
0.905128 0.997006
0.905128 0.997006
0.907692 0.997006
0.907692 0.997006
0.905128 0.997006
0.905128 0.997006
0.907692 0.997006
0.907692 0.997006
0.905128 0.997006
0.905128 0.997006
0.907692 0.997006
0.907692 0.997006
0.905128 0.997006
0.905128 0.997006
0.907692 0.997006
0.907692 0.997006
0.905128 0.997006
0.905128 0.997006
0.907692 0.997006
0.907692 0.997006
0.905128 0.997006
0.905128 0.997006
0.907692 0.997006
0.907692 0.997006
0.905128 0.997006
0.905128 0.997006
0.907692 0.997006
0.907692 0.997006
0.905128 0.997006
0.905128 0.997006
0.907692 0.997006
0.907692 0.997006
0.905128 0.997006
0.905128 0.997006
0.907692 0.997006
0.907692 0.997006
0.905128 0.997006
0.905128 0.997006
0.907692 0.997006
0.907692 0.997006
0.905128 0.997006
0.905128 0.997006
0.907692 0.997006
0.907692 0.997006
0.905128 0.997006
0.905128 0.997006
0.907692 0.997006
0.907692 0.997006
0.905128 0.997006
0.905128 0.997006
0.907692 0.997006
0.907692 0.997006
0.905128 0.997006
0.905128 0.997006
0.907692 0.997006
0.907692 0.997006
0.905128 0.997006
0.905128 0.997006
0.907692 0.997006
0.907692 0.997006
0.905128 0.997006
0.905128 0.997006
0.907692 0.997006
0.907692 0.997006
0.905128 0.997006
0.905128 0.997006
0.907692 0.997006
0.907692 0.997006
0.905128 0.997006
0.905128 0.997006
0.907692 0.997006
0.907692 0.997006
0.905128 0.997006
0.905128 0.997006
0.907692 0.997006
0.907692 0.997006
0.905128 0.997006
0.905128 0.997006
0.907692 0.997006
0.907692 0.997006
0.905128 0.997006
0.905128 0.997006
0.907692 0.997006
0.907692 0.997006
0.905128 0.997006
0.905128 0.997006
0.907692 0.997006
0.907692 0.997006
0.905128 0.997006
0.905128 0.997006
0.907692 0.997006
0.907692 0.997006
0.905128 0.997006
0.905128 0.997006
0.907692 0.997006
0.907692 0.997006
0.905128 0.997006
0.905128 0.997006
0.907692 0.997006
0.907692 0.997006
0.905128 0.997006
0.905128 0.997006
0.907692 0.997006
0.907692 0.997006
0.905128 0.997006
0.905128 0.997006
0.907692 0.997006
0.907692 0.997006
0.905128 0.997006
0.905128 0.997006
0.907692 0.997006
0.907692 0.997006
0.905128 0.997006
0.905128 0.997006
0.907692 0.997006
0.907692 0.997006
0.905128 0.997006
0.905128 0.997006
0.907692 0.997006
0.907692 0.997006
0.905128 0.997006
0.905128 0.997006
0.907692 0.997006
0.907692 0.997006
0.905128 0.997006
0.905128 0.997006
0.907692 0.997006
0.907692 0.997006
0.905128 0.997006
0.905128 0.997006
0.907692 0.997006
0.907692 0.997006
0.905128 0.997006
0.905128 0.997006
0.907692 0.997006
0.907692 0.997006
0.905128 0.997006
0.905128 0.997006
0.907692 0.997006
0.907692 0.997006
0.905128 0.997006
0.905128 0.997006
0.907692 0.997006
0.907692 0.997006
0.905128 0.997006
0.905128 0.997006
0.907692 0.997006
0.907692 0.997006
0.905128 0.997006
0.905128 0.997006
0.907692 0.997006
0.907692 0.997006
0.905128 0.997006
0.905128 0.997006
0.907692 0.997006
0.907692 0.997006
0.905128 0.997006
0.905128 0.997006
0.907692 0.997006
0.907692 0.997006
0.905128 0.997006
0.905128 0.997006
0.907692 0.997006
0.907692 0.997006
0.905128 0.997006
0.905128 0.997006
0.907692 0.997006
0.907692 0.997006
0.905128 0.997006
0.905128 0.997006
0.907692 0.997006
0.907692 0.997006
0.905128 0.997006
0.905128 0.997006
0.907692 0.997006
0.907692 0.997006
0.905128 0.997006
0.905128 0.997006
0.907692 0.997006
0.907692 0.997006
0.905128 0.997006
0.905128 0.997006
0.907692 0.997006
0.907692 0.997006
0.905128 0.997006
0.905128 0.997006
0.907692 0.997006
0.907692 0.997006
0.905128 0.997006
0.905128 0.997006
0.907692 0.997006
0.907692 0.997006
0.905128 0.997006
0.905128 0.997006
0.907692 0.997006
0.907692 0.997006
0.905128 0.997006
0.905128 0.997006
0.907692 0.997006
0.907692 0.997006
0.905128 0.997006
0.905128 0.997006
0.907692 0.997006
0.907692 0.997006
0.905128 0.997006
0.905128 0.997006
0.907692 0.997006
0.907692 0.997006
0.905128 0.997006
0.905128 0.997006
0.907692 0.997006
0.907692 0.997006
0.905128 0.997006
0.905128 0.997006
0.907692 0.997006
0.907692 0.997006
0.905128 0.997006
0.905128 0.997006
0.907692 0.997006
0.907692 0.997006
0.905128 0.997006
0.905128 0.997006
0.907692 0.997006
0.907692 0.997006
0.905128 0.997006
0.905128 0.997006
0.907692 0.997006
0.907692 0.997006
0.905128 0.997006
0.905128 0.997006
0.907692 0.997006
0.907692 0.997006
0.905128 0.997006
0.905128 0.997006
0.907692 0.997006
0.907692 0.997006
0.905128 0.997006
0.905128 0.997006
0.907692 0.997006
0.907692 0.997006
0.905128 0.997006
0.905128 0.997006
0.907692 0.997006
0.907692 0.997006
0.905128 0.997006
0.905128 0.997006
0.907692 0.997006
0.907692 0.997006
0.905128 0.997006
0.905128 0.997006
0.907692 0.997006
0.907692 0.997006
0.905128 0.997006
0.905128 0.997006
0.907692 0.997006
0.907692 0.997006
0.905128 0.997006
0.905128 0.997006
0.907692 0.997006
0.907692 0.997006
0.905128 0.997006
0.905128 0.997006
0.907692 0.997006
0.907692 0.997006
0.905128 0.997006
0.905128 0.997006
0.907692 0.997006
0.907692 0.997006
0.905128 0.997006
0.905128 0.997006
0.907692 0.997006
0.907692 0.997006
0.905128 0.997006
0.905128 0.997006
0.907692 0.997006
0.907692 0.997006
0.905128 0.997006
0.905128 0.997006
0.907692 0.997006
0.907692 0.997006
0.905128 0.997006
0.905128 0.997006
0.907692 0.997006
0.907692 0.997006
0.905128 0.997006
0.905128 0.997006
0.907692 0.997006
0.907692 0.997006
0.905128 0.997006
0.905128 0.997006
0.907692 0.997006
0.907692 0.997006
0.905128 0.997006
0.905128 0.997006
0.907692 0.997006
0.907692 0.997006
0.905128 0.997006
0.905128 0.997006
0.907692 0.997006
0.907692 0.997006
0.905128 0.997006
0.905128 0.997006
0.907692 0.997006
0.907692 0.997006
0.905128 0.997006
0.905128 0.997006
0.907692 0.997006
0.907692 0.997006
0.905128 0.997006
0.905128 0.997006
0.907692 0.997006
0.907692 0.997006
0.905128 0.997006
0.905128 0.997006
0.907692 0.997006
0.907692 0.997006
0.905128 0.997006
0.905128 0.997006
0.907692 0.997006
0.907692 0.997006
0.905128 0.997006
0.905128 0.997006
0.907692 0.997006
0.907692 0.997006
0.905128 0.997006
0.905128 0.997006
0.907692 0.997006
0.907692 0.997006
0.905128 0.997006
0.905128 0.997006
0.907692 0.997006
0.907692 0.997006
0.905128 0.997006
0.905128 0.997006
0.907692 0.997006
0.907692 0.997006
0.905128 0.997006
0.905128 0.997006
0.907692 0.997006
0.907692 0.997006
0.905128 0.997006
0.905128 0.997006
0.907692 0.997006
0.907692 0.997006
0.905128 0.997006
0.905128 0.997006
0.907692 0.997006
0.907692 0.997006
0.905128 0.997006
0.905128 0.997006
0.907692 0.997006
0.907692 0.997006
0.905128 0.997006
0.905128 0.997006
0.907692 0.997006
0.907692 0.997006
0.905128 0.997006
0.905128 0.997006
0.907692 0.997006
0.907692 0.997006
0.905128 0.997006
0.905128 0.997006
0.907692 0.997006
0.907692 0.997006
0.905128 0.997006
0.905128 0.997006
0.907692 0.997006
0.907692 0.997006
0.905128 0.997006
0.905128 0.997006
0.907692 0.997006
0.907692 0.997006
0.905128 0.997006
0.905128 0.997006
0.907692 0.997006
0.907692 0.997006
0.905128 0.997006
0.905128 0.997006
0.907692 0.997006
0.907692 0.997006
0.905128 0.997006
0.905128 0.997006
0.907692 0.997006
0.907692 0.997006
0.905128 0.997006
0.905128 0.997006
0.907692 0.997006
0.907692 0.997006
0.905128 0.997006
0.905128 0.997006
0.907692 0.997006
0.907692 0.997006
0.905128 0.997006
0.905128 0.997006
0.907692 0.997006
0.907692 0.997006
0.905128 0.997006
0.905128 0.997006
0.907692 0.997006
0.907692 0.997006
0.905128 0.997006
0.905128 0.997006
0.907692 0.997006
0.907692 0.997006
0.905128 0.997006
0.905128 0.997006
0.907692 0.997006
0.907692 0.997006
0.905128 0.997006
0.905128 0.997006
0.907692 0.997006
0.907692 0.997006
0.905128 0.997006
0.905128 0.997006
0.907692 0.997006
0.907692 0.997006
0.905128 0.997006
0.905128 0.997006
0.907692 0.997006
0.907692 0.997006
0.905128 0.997006
0.905128 0.997006
0.907692 0.997006
0.907692 0.997006
0.905128 0.997006
0.905128 0.997006
0.907692 0.997006
0.907692 0.997006
0.905128 0.997006
0.905128 0.997006
0.907692 0.997006
0.907692 0.997006
0.905128 0.997006
0.905128 0.997006
0.907692 0.997006
0.907692 0.997006
0.905128 0.997006
0.905128 0.997006
0.907692 0.997006
0.907692 0.997006
0.905128 0.997006
0.905128 0.997006
0.907692 0.997006
0.907692 0.997006
0.905128 0.997006
0.905128 0.997006
0.907692 0.997006
0.907692 0.997006
0.905128 0.997006
0.905128 0.997006
0.907692 0.997006
0.907692 0.997006
0.905128 0.997006
0.905128 0.997006
0.907692 0.997006
0.907692 0.997006
0.905128 0.997006
0.905128 0.997006
0.907692 0.997006
0.907692 0.997006
0.905128 0.997006
0.905128 0.997006
0.907692 0.997006
0.907692 0.997006
0.905128 0.997006
0.905128 0.997006
0.907692 0.997006
0.907692 0.997006
0.905128 0.997006
0.905128 0.997006
0.907692 0.997006
0.907692 0.997006
0.905128 0.997006
0.905128 0.997006
0.907692 0.997006
0.907692 0.997006
0.905128 0.997006
0.905128 0.997006
0.907692 0.997006
0.907692 0.997006
0.905128 0.997006
0.905128 0.997006
0.907692 0.997006
0.907692 0.997006
0.905128 0.997006
0.905128 0.997006
0.907692 0.997006
0.907692 0.997006
0.905128 0.997006
0.905128 0.997006
0.907692 0.997006
0.907692 0.997006
0.905128 0.997006
0.905128 0.997006
0.907692 0.997006
0.907692 0.997006
0.905128 0.997006
0.905128 0.997006
0.907692 0.997006
0.907692 0.997006
0.905128 0.997006
0.905128 0.997006
0.907692 0.997006
0.907692 0.997006
0.905128 0.997006
0.905128 0.997006
0.907692 0.997006
0.907692 0.997006
0.905128 0.997006
0.905128 0.997006
0.907692 0.997006
0.907692 0.997006
0.905128 0.997006
0.905128 0.997006
0.907692 0.997006
0.907692 0.997006
0.905128 0.997006
0.905128 0.997006
0.907692 0.997006
0.907692 0.997006
0.905128 0.997006
0.905128 0.997006
0.907692 0.997006
0.907692 0.997006
0.905128 0.997006
0.905128 0.997006
0.907692 0.997006
0.907692 0.997006
0.905128 0.997006
0.905128 0.997006
0.907692 0.997006
0.907692 0.997006
0.905128 0.997006
0.905128 0.997006
0.907692 0.997006
0.907692 0.997006
0.905128 0.997006
0.905128 0.997006
0.907692 0.997006
0.907692 0.997006
0.905128 0.997006
0.905128 0.997006
0.907692 0.997006
0.907692 0.997006
0.905128 0.997006
0.905128 0.997006
0.907692 0.997006
0.907692 0.997006
0.905128 0.997006
0.905128 0.997006
0.907692 0.997006
0.907692 0.997006
0.905128 0.997006
0.905128 0.997006
0.907692 0.997006
0.907692 0.997006
0.905128 0.997006
0.905128 0.997006
0.907692 0.997006
0.907692 0.997006
0.905128 0.997006
0.905128 0.997006
0.907692 0.997006
0.907692 0.997006
0.905128 0.997006
0.905128 0.997006
0.907692 0.997006
0.907692 0.997006
0.905128 0.997006
0.905128 0.997006
0.907692 0.997006
0.907692 0.997006
0.905128 0.997006
0.905128 0.997006
0.907692 0.997006
0.907692 0.997006
0.905128 0.997006
0.905128 0.997006
0.907692 0.997006
0.907692 0.997006
0.905128 0.997006
0.905128 0.997006
0.907692 0.997006
0.907692 0.997006
0.905128 0.997006
0.905128 0.997006
0.907692 0.997006
0.907692 0.997006
0.905128 0.997006
0.905128 0.997006
0.907692 0.997006
0.907692 0.997006
0.905128 0.997006
0.905128 0.997006
0.907692 0.997006
0.907692 0.997006
0.905128 0.997006
0.905128 0.997006
0.907692 0.997006
0.907692 0.997006
0.905128 0.997006
0.905128 0.997006
0.907692 0.997006
0.907692 0.997006
0.905128 0.997006
0.905128 0.997006
0.907692 0.997006
0.907692 0.997006
0.905128 0.997006
0.905128 0.997006
0.907692 0.997006
0.907692 0.997006
0.905128 0.997006
0.905128 0.997006
0.907692 0.997006
0.907692 0.997006
0.905128 0.997006
0.905128 0.997006
0.907692 0.997006
0.907692 0.997006
0.905128 0.997006
0.905128 0.997006
0.907692 0.997006
0.907692 0.997006
0.905128 0.997006
0.905128 0.997006
0.907692 0.997006
0.907692 0.997006
0.905128 0.997006
0.905128 0.997006
0.907692 0.997006
0.907692 0.997006
0.905128 0.997006
0.905128 0.997006
0.907692 0.997006
0.907692 0.997006
0.905128 0.997006
0.905128 0.997006
0.907692 0.997006
0.907692 0.997006
0.905128 0.997006
0.905128 0.997006
0.907692 0.997006
0.907692 0.997006
0.905128 0.997006
0.905128 0.997006
0.907692 0.997006
0.907692 0.997006
0.905128 0.997006
0.905128 0.997006
0.907692 0.997006
0.907692 0.997006
0.905128 0.997006
0.905128 0.997006
0.907692 0.997006
0.907692 0.997006
0.905128 0.997006
0.905128 0.997006
0.907692 0.997006
0.907692 0.997006
0.905128 0.997006
